101
106
97
111
98
106
115
108
118
115
100
111
101
120
108
118
113
109
121
102
111
107
121
104
117
114
106
120
107
112
115
120
115
121
108
99
104
101
115
114
105
102
114
99
113
113
121
120
119
106
102
98
99
108
117
120
103
115
120
113
98
111
108
103
119
106
111
104
106
114
112
105
107
107
105
117
105
117
116
119
121
119
119
100
99
104
112
107
104
110
105
103
116
116
118
104
100
104
119
100
112
121
104
110
114
114
100
106
119
118
111
114
102
110
121
113
112
110
114
103
109
111
103
116
119
110
110
116
116
98
100
97
119
117
99
121
107
118
106
117
114
110
118
112
107
119
120
100
99
98
110
116
115
97
105
115
112
116
106
99
111
112
100
113
100
117
110
102
104
114
116
113
116
102
102
117
102
100
105
113
120
106
112
111
103
121
112
103
121
103
100
98
103
109
108
114
111
97
117
117
97
101
116
106
112
108
109
109
120
113
120
108
117
104
98
120
100
106
121
118
117
105
104
98
112
102
119
99
106
114
120
108
105
111
109
98
111
120
109
100
116
118
98
113
116
119
118
119
114
116
102
98
105
100
105
106
108
104
112
106
116
109
114
108
103
106
112
110
104
113
104
116
117
106
121
104
97
111
121
117
110
114
121
114
110
106
119
119
100
116
98
108
100
110
108
102
109
114
112
109
109
121
120
97
117
105
118
111
107
112
104
105
111
121
101
99
105
106
115
120
100
108
113
101
108
97
107
110
99
117
103
116
119
109
121
119
117
103
118
107
120
113
119
102
105
109
113
115
106
104
105
104
99
118
100
97
121
100
99
106
116
119
105
108
111
118
113
101
101
110
100
104
111
116
119
119
110
99
120
98
116
107
101
115
117
121
120
120
100
119
121
112
110
104
115
107
108
116
98
114
98
97
114
99
106
113
119
117
121
118
108
112
107
102
98
109
115
119
118
106
117
113
108
110
115
112
108
117
119
107
113
105
113
121
100
112
113
119
108
106
115
106
116
104
121
121
120
103
112
120
119
97
116
108
100
118
106
109
106
109
120
98
102
118
102
99
111
119
114
113
97
117
103
114
107
121
98
106
110
101
107
113
112
121
103
119
101
118
107
103
115
113
105
116
111
100
121
98
120
97
109
116
119
117
102
98
107
106
111
111
113
103
109
117
106
99
98
101
98
116
112
100
105
115
104
117
99
117
108
120
115
104
119
113
116
115
100
102
117
100
105
105
111
100
120
110
99
119
111
107
110
114
106
109
111
119
121
114
98
117
97
105
111
104
115
121
121
113
115
115
111
99
118
113
111
113
102
120
102
97
104
100
117
101
100
106
99
100
111
120
110
111
110
102
108
112
112
98
114
104
121
119
112
121
114
104
121
104
103
115
116
118
110
99
97
112
114
107
107
103
115
118
106
98
113
115
118
109
110
97
114
106
120
109
107
99
112
120
101
102
105
108
118
109
106
102
119
113
97
120
120
116
117
116
105
108
115
103
107
118
100
116
120
99
107
98
99
113
103
104
99
101
116
111
106
116
115
98
116
120
100
98
105
121
115
103
118
115
117
120
114
111
117
113
118
99
102
106
98
118
99
113
115
104
103
120
118
117
121
103
115
116
106
110
114
111
98
114
113
117
121
100
103
101
109
116
113
107
107
98
103
109
111
112
103
97
101
116
111
112
108
103
101
112
121
107
111
107
99
104
113
115
112
111
117
105
102
102
115
114
120
110
103
99
104
120
117
115
104
108
103
118
108
110
104
107
109
100
119
104
110
98
110
97
116
101
99
98
107
98
114
121
107
106
105
112
119
120
105
102
111
118
105
102
112
113
104
100
101
118
100
102
99
102
121
113
106
112
102
97
99
117
105
104
105
110
117
97
116
119
116
111
112
119
105
113
121
121
108
120
117
99
115
120
112
115
110
120
105
120
98
118
107
101
97
118
103
103
111
116
101
115
105
105
110
102
111
98
97
107
111
99
107
108
100
113
102
103
116
114
108
108
110
102
111
114
101
103
111
115
99
114
115
99
105
118
105
103
97
102
107
107
115
113
120
113
105
119
118
102
103
120
112
118
120
111
117
105
103
99
102
112
108
101
120
109
119
118
99
110
112
119
103
104
102
98
99
99
109
117
97
99
104
107
110
109
119
113
114
108
114
116
118
105
114
101
100
117
101
106
114
97
107
106
109
117
115
119
116
99
102
110
119
99
113
113
104
102
108
116
115
117
105
111
98
113
107
102
109
97
115
119
115
98
115
118
115
120
117
106
