82
71
84
66
102
83
67
89
111
99
72
119
84
117
112
85
119
113
100
72
115
120
118
118
69
79
119
83
90
102
117
104
121
97
110
79
90
120
118
87
69
113
69
99
107
102
107
113
89
84
107
81
102
70
72
78
101
79
102
73
78
83
109
89
103
84
108
113
84
68
65
84
100
104
77
102
108
69
88
65
117
85
111
84
97
67
82
83
74
83
107
72
97
107
81
107
105
70
102
77
103
110
74
102
121
111
89
71
119
113
113
113
82
75
105
100
107
117
110
119
117
114
106
100
83
68
83
111
65
90
86
98
107
118
105
97
90
75
121
101
120
116
73
85
83
76
111
99
84
107
97
71
84
76
87
69
105
87
72
106
100
69
70
86
102
86
110
107
114
88
112
81
73
112
110
80
117
120
71
107
119
90
107
109
72
79
115
89
115
114
114
97
112
86
85
79
111
107
99
117
120
77
82
109
69
82
69
97
88
108
103
100
118
79
83
103
98
117
70
109
116
106
76
119
119
104
66
118
110
101
114
75
108
106
117
78
66
88
106
116
103
69
76
102
105
78
112
75
105
113
86
90
108
86
74
83
84
113
86
112
106
108
72
83
108
118
86
89
99
114
117
100
118
113
111
77
120
109
77
84
111
107
87
119
115
68
109
78
117
87
106
90
85
66
73
109
89
76
89
74
71
86
66
110
86
82
68
86
87
76
76
72
90
89
103
109
107
82
98
114
67
102
109
104
86
90
114
82
76
89
74
81
118
107
67
83
120
121
115
69
98
76
84
77
75
69
79
113
83
120
85
76
67
106
105
65
107
103
80
75
77
111
89
104
83
86
98
71
121
108
75
79
120
113
98
105
102
69
72
109
113
75
106
71
82
85
114
121
116
105
89
68
80
68
68
112
114
81
89
87
67
120
101
69
88
106
100
110
75
105
97
97
105
67
117
85
115
116
89
72
83
80
84
74
79
74
65
75
113
73
71
115
115
76
111
112
107
117
79
81
87
108
111
66
77
117
116
111
65
83
106
104
66
73
119
67
111
88
86
86
112
65
97
116
88
82
116
84
73
83
74
84
111
73
101
117
65
67
75
112
111
120
69
119
109
90
77
86
99
70
110
81
106
86
88
102
79
120
102
87
100
76
88
105
80
80
85
81
101
79
72
110
97
66
115
80
85
118
75
75
82
120
82
81
66
111
109
98
100
108
74
70
101
80
67
76
118
101
87
99
121
116
104
73
111
87
74
84
108
75
69
84
78
76
119
99
109
77
102
111
79
80
86
98
73
97
69
77
88
82
103
117
82
103
109
99
81
116
65
77
98
97
73
88
82
67
89
80
75
115
98
89
82
108
87
114
120
105
67
71
119
73
90
88
90
105
78
82
87
68
120
107
100
87
75
106
68
70
103
65
97
121
106
98
103
102
111
102
109
99
78
73
86
99
105
84
118
97
74
114
102
84
80
82
73
73
67
68
110
102
75
97
67
74
66
76
81
89
111
80
108
110
115
116
82
85
120
68
75
81
117
75
77
103
72
111
87
67
65
112
78
98
118
97
97
105
71
79
120
102
111
69
70
67
120
112
118
120
108
99
78
75
112
81
84
69
110
79
102
100
100
88
121
104
114
111
67
115
81
97
111
114
120
121
112
85
76
85
100
77
103
102
72
97
113
112
68
110
85
98
76
73
103
97
90
90
110
79
85
97
120
109
120
105
85
73
109
103
70
101
74
72
68
121
67
111
97
119
97
121
114
101
107
79
69
117
78
65
78
101
83
102
73
73
108
102
115
117
109
103
77
120
118
86
97
80
82
108
65
118
115
90
100
118
86
85
67
119
65
110
72
110
89
107
111
105
80
72
79
117
114
86
108
106
66
76
103
112
113
87
109
68
73
106
70
74
72
78
100
73
105
73
119
75
90
121
80
71
105
119
103
69
85
78
79
98
74
75
118
117
102
79
89
66
72
97
73
77
86
120
98
115
83
85
112
102
101
113
68
97
78
97
113
66
77
87
67
82
68
79
103
76
77
89
104
68
76
111
110
66
74
74
118
87
75
79
101
72
67
120
68
88
68
111
71
114
86
112
82
100
86
82
102
69
106
65
107
119
102
97
104
87
76
104
80
85
109
75
117
69
90
85
71
114
110
80
81
112
77
107
106
88
107
120
108
112
118
102
85
100
87
87
104
80
106
113
121
104
120
68
81
85
75
81
115
78
90
73
85
90
102
90
107
121
82
101
76
75
107
