72
89
75
66
74
88
79
73
78
66
70
86
70
73
86
85
71
87
83
89
79
69
73
78
82
71
76
79
87
83
80
77
75
89
69
65
83
67
88
81
83
79
65
71
70
70
84
82
67
87
73
74
85
80
74
89
76
85
84
87
83
65
84
88
88
82
89
89
73
89
88
66
81
89
83
68
86
78
77
85
89
79
82
65
76
78
84
65
80
65
70
80
65
76
82
85
72
78
74
89
80
80
83
73
70
66
71
87
67
82
78
75
68
79
65
84
83
80
77
88
85
89
79
83
75
81
88
89
83
81
77
68
72
77
78
83
74
83
83
67
70
77
69
77
73
72
82
76
65
87
65
81
81
81
80
73
72
70
89
75
69
87
70
80
65
84
87
80
82
79
73
73
70
70
71
81
80
88
84
68
84
72
76
78
66
68
77
82
89
83
67
86
69
72
70
86
87
74
65
66
79
84
85
81
86
67
74
80
80
66
67
73
70
86
77
68
68
65
88
80
67
81
82
86
68
75
82
67
84
86
86
85
69
68
83
88
74
89
65
75
80
74
89
79
76
79
65
73
87
75
67
71
74
88
79
84
82
74
86
88
69
68
85
84
75
83
81
82
71
68
72
83
73
75
67
75
87
71
74
86
78
83
71
88
81
66
84
75
81
85
66
78
67
79
71
72
74
69
82
72
72
79
82
74
83
88
79
72
89
88
82
79
84
65
76
69
85
73
79
80
81
71
89
79
77
74
86
88
80
86
74
88
88
73
70
67
67
75
71
65
85
68
81
82
78
78
69
72
74
77
76
66
81
82
68
86
78
70
76
75
66
82
80
74
84
72
79
82
74
77
77
73
79
86
72
83
85
73
85
88
71
76
87
82
71
71
81
65
81
65
66
67
68
66
68
79
75
86
66
71
84
69
87
82
80
72
68
85
88
77
65
89
80
72
83
89
77
78
67
74
69
67
66
69
86
82
85
88
80
75
88
85
80
87
76
76
73
70
79
75
85
71
70
83
88
80
75
80
83
83
89
73
87
78
85
80
79
75
82
71
73
76
89
66
75
65
85
67
87
74
81
71
85
76
83
71
84
69
88
77
89
71
87
81
74
83
75
66
76
75
87
78
82
76
75
74
71
77
68
87
74
72
82
70
74
75
85
69
67
74
79
88
72
80
78
72
87
72
79
67
88
74
88
81
75
84
86
70
73
85
81
82
69
70
83
89
76
65
69
72
76
80
72
88
77
73
81
73
67
69
68
84
78
78
73
72
67
79
83
81
85
70
66
67
82
72
83
75
84
81
78
67
66
75
89
66
68
77
67
69
85
86
74
72
84
65
73
75
76
81
85
69
66
69
79
82
66
69
69
78
77
67
82
85
72
66
75
69
86
67
76
88
85
71
85
66
83
79
65
79
88
82
68
83
83
65
86
80
75
78
69
82
69
65
80
73
73
72
86
87
80
65
86
73
74
70
72
87
70
73
78
87
76
77
85
89
79
87
81
78
68
73
74
85
86
67
84
87
69
74
84
81
80
89
83
77
78
87
70
78
88
66
83
86
78
86
86
89
69
65
65
81
81
83
79
67
78
72
66
76
81
74
82
84
67
66
71
70
87
89
67
74
65
77
86
85
79
72
68
87
67
66
78
65
67
85
68
85
84
70
75
86
67
85
75
65
83
89
83
77
83
74
69
74
89
88
83
75
76
77
84
66
69
86
69
68
80
70
66
80
82
67
71
81
86
72
79
68
66
69
74
66
70
87
81
78
77
69
88
72
70
71
85
73
70
74
87
85
82
66
88
79
89
80
83
88
73
81
71
89
65
83
70
79
82
80
86
67
87
82
74
71
75
83
87
79
83
88
87
72
81
73
81
67
75
73
76
75
68
69
88
73
69
82
76
80
85
88
81
78
80
87
66
74
66
84
74
78
67
79
88
76
85
69
82
82
77
88
76
66
76
69
84
89
84
85
86
72
70
76
74
75
89
85
73
83
77
81
85
85
84
85
89
77
71
82
69
66
73
72
72
74
87
86
89
77
72
68
77
89
86
79
86
80
68
67
87
89
65
88
71
73
67
78
65
86
78
65
66
76
86
72
79
82
72
69
78
67
67
70
85
65
82
87
76
88
78
88
77
76
65
79
73
83
66
71
69
67
67
74
75
72
68
68
75
66
87
73
70
67
75
74
84
74
69
71
86
84
74
80
85
78
73
79
71
68
71
79
68
75
68
83
69
69
66
85
81
81
87
68
81
85
83
74
73
80
75
78
81
67
